0000 0000 0000 0000 0000 0000 0000 0000 0000 0000 0000 0000 0000 0000 0000 0000 0000 0000 0000 0000 0000 0000 0000 0000 0000 0000 0000 0000 
0000 0000 0000 0000 0000 0000 0000 0000 0000 0000 0000 0000 0000 0000 0000 0000 0000 0000 0000 0000 0000 0000 0000 0000 0000 0000 0000 0000 
0000 0000 0000 0000 0000 0000 0000 0000 0000 0000 0000 0000 0000 0000 0000 0000 0000 0000 0000 0000 0000 0000 0000 0000 0000 0000 0000 0000 
0000 0000 0000 0000 0000 0000 0000 0000 0000 0000 0000 0000 0000 0000 0000 0000 0000 0000 0000 0000 0000 0000 0000 0000 0000 0000 0000 0000 
0000 0000 0000 0000 0000 0000 0000 0000 0000 0000 0000 0000 0000 0000 0000 0000 0000 0000 0000 0000 0000 0000 0000 0000 0000 0000 0000 0000 
0000 0000 0000 0000 0000 0000 0000 0000 0000 0000 0000 0000 0000 0000 0000 0000 0000 0000 0000 0000 0000 0000 0000 0000 0000 0000 0000 0000 
0000 0000 0000 0000 0000 0000 0000 0000 0000 0000 0000 0000 0000 0000 0000 0000 0000 0000 0000 0000 0000 0000 0000 0000 0000 0000 0000 0000 
0000 0000 0000 0000 0000 0000 0000 0000 0000 0000 0000 0000 0000 0024 0038 0089 00c9 00c7 005f 0025 0000 0000 0000 0000 0000 0000 0000 0000 
0000 0000 0000 0000 0000 0000 0000 0000 0000 0000 0000 002d 0098 00ea 00fe 00fe 00fe 00fe 00fe 00fa 00d3 0097 0006 0000 0000 0000 0000 0000 
0000 0000 0000 0000 0000 0000 0000 0000 0000 002e 0099 00f0 00fe 00fe 00e3 00a6 0085 00fb 00c8 00fe 00e5 00e1 0068 0000 0000 0000 0000 0000 
0000 0000 0000 0000 0000 0000 0000 0000 0099 00ea 00fe 00fe 00bb 008e 0008 0000 0000 00bf 0028 00c6 00f6 00df 00fd 0015 0000 0000 0000 0000 
0000 0000 0000 0000 0000 0000 0008 007e 00fd 00fe 00e9 0080 000b 0000 0000 0000 0000 00d2 002b 0046 00fe 00fe 00fe 0015 0000 0000 0000 0000 
0000 0000 0000 0000 0000 0000 0048 00f3 00fe 00e4 0036 0000 0000 0000 0000 0003 0020 0074 00e1 00f2 00fe 00ff 00a2 0005 0000 0000 0000 0000 
0000 0000 0000 0000 0000 0000 004b 00f0 00fe 00df 006d 008a 00b2 00b2 00a9 00d2 00fb 00e7 00fe 00fe 00fe 00e8 0026 0000 0000 0000 0000 0000 
0000 0000 0000 0000 0000 0000 0009 00af 00f4 00fd 00ff 00fe 00fe 00fb 00fe 00fe 00fe 00fe 00fe 00fc 00ab 0019 0000 0000 0000 0000 0000 0000 
0000 0000 0000 0000 0000 0000 0000 0000 0010 0088 00c3 00b0 0092 0099 00c8 00fe 00fe 00fe 00fe 0096 0010 0000 0000 0000 0000 0000 0000 0000 
0000 0000 0000 0000 0000 0000 0000 0000 0000 0000 0000 0000 0000 0000 00a2 00fe 00fe 00f1 0063 0003 0000 0000 0000 0000 0000 0000 0000 0000 
0000 0000 0000 0000 0000 0000 0000 0000 0000 0000 0000 0000 0000 0076 00fa 00fe 00fe 005a 0000 0000 0000 0000 0000 0000 0000 0000 0000 0000 
0000 0000 0000 0000 0000 0000 0000 0000 0000 0000 0000 0000 0064 00f2 00fe 00fe 00d3 0007 0000 0000 0000 0000 0000 0000 0000 0000 0000 0000 
0000 0000 0000 0000 0000 0000 0000 0000 0000 0000 0000 0036 00f1 00fe 00fe 00f2 003b 0000 0000 0000 0000 0000 0000 0000 0000 0000 0000 0000 
0000 0000 0000 0000 0000 0000 0000 0000 0000 0000 0000 0083 00fe 00fe 00f4 0040 0000 0000 0000 0000 0000 0000 0000 0000 0000 0000 0000 0000 
0000 0000 0000 0000 0000 0000 0000 0000 0000 0000 000d 00f9 00fe 00fe 0098 0000 0000 0000 0000 0000 0000 0000 0000 0000 0000 0000 0000 0000 
0000 0000 0000 0000 0000 0000 0000 0000 0000 000c 00e4 00fe 00fe 00d0 0008 0000 0000 0000 0000 0000 0000 0000 0000 0000 0000 0000 0000 0000 
0000 0000 0000 0000 0000 0000 0000 0000 0000 004e 00ff 00fe 00fe 0042 0000 0000 0000 0000 0000 0000 0000 0000 0000 0000 0000 0000 0000 0000 
0000 0000 0000 0000 0000 0000 0000 0000 0000 00d1 00fe 00fe 0089 0000 0000 0000 0000 0000 0000 0000 0000 0000 0000 0000 0000 0000 0000 0000 
0000 0000 0000 0000 0000 0000 0000 0000 0000 00e3 00ff 00e9 0019 0000 0000 0000 0000 0000 0000 0000 0000 0000 0000 0000 0000 0000 0000 0000 
0000 0000 0000 0000 0000 0000 0000 0000 0000 0071 00ff 006c 0000 0000 0000 0000 0000 0000 0000 0000 0000 0000 0000 0000 0000 0000 0000 0000 
0000 0000 0000 0000 0000 0000 0000 0000 0000 0000 0000 0000 0000 0000 0000 0000 0000 0000 0000 0000 0000 0000 0000 0000 0000 0000 0000 0000 
