0000 0000 0000 0000 0000 0000 0000 0000 0000 0000 0000 0000 0000 0000 0000 0000 0000 0000 0000 0000 0000 0000 0000 0000 0000 0000 0000 0000 
0000 0000 0000 0000 0000 0000 0000 0000 0000 0000 0000 0000 0000 0000 0000 0000 0000 0000 0000 0000 0000 0000 0000 0000 0000 0000 0000 0000 
0000 0000 0000 0000 0000 0000 0000 0000 0000 0000 0000 0000 0000 0000 0000 0000 0000 0000 0000 0000 0000 0000 0000 0000 0000 0000 0000 0000 
0000 0000 0000 0000 0000 0000 0000 0000 0000 0000 0000 0000 0000 0000 0000 0000 0000 0000 0000 0000 0000 0000 0000 0000 0000 0000 0000 0000 
0000 0000 0000 0000 0000 0000 000c 0029 0092 0092 0030 0000 0000 0000 0000 0000 0000 0000 0000 0000 0000 0000 0000 0000 0000 0000 0000 0000 
0000 0000 0000 0000 0000 000c 0081 00fd 00fd 00fd 00fa 00a3 0012 0000 0000 0000 0000 0000 0000 0000 0000 0000 0000 0000 0000 0000 0000 0000 
0000 0000 0000 0000 0000 0085 00fd 00fd 00fd 00fd 00fd 00fd 00e5 0046 0000 0000 0000 0000 0000 0000 0000 0000 0000 0000 0000 0000 0000 0000 
0000 0000 0000 0000 0000 0065 00fd 00fc 0091 0066 006b 00ed 00fd 00f7 0080 000a 0000 0000 0000 0000 0000 0000 0000 0000 0000 0000 0000 0000 
0000 0000 0000 0000 0000 00b5 00fd 00a7 0000 0000 0000 003d 00eb 00fd 00fd 00a3 0005 0000 0000 0000 0000 0000 0000 0000 0000 0000 0000 0000 
0000 0000 0000 0000 0000 00ff 00fd 002b 0000 0000 0000 0000 003a 00c1 00fd 00fd 00a4 0004 0000 0000 0000 0000 0000 0000 0000 0000 0000 0000 
0000 0000 0000 0000 0000 00bb 00fd 0020 0000 0000 0000 0000 0000 0037 00ec 00fd 00fd 0056 0000 0000 0000 0000 0000 0000 0000 0000 0000 0000 
0000 0000 0000 0000 0000 0092 00fd 0020 0000 0064 00be 0057 0057 0057 0093 00fd 00fd 007b 0000 0000 0000 0000 0000 0000 0000 0000 0000 0000 
0000 0000 0000 0000 0000 005e 00fd 004e 0028 00f8 00fd 00fd 00fd 00fd 00fd 00fd 00fd 00df 0054 000f 0000 0000 0000 0000 0000 0000 0000 0000 
0000 0000 0000 0000 0000 000e 005c 000c 0023 00f0 00fd 00fd 00fd 00fd 00fd 00fd 00fd 00fd 00fd 00f4 0059 000a 0000 0000 0000 0000 0000 0000 
0000 0000 0000 0000 0000 0000 0000 0000 0000 004b 00a1 00b3 00fd 00fd 00fd 00fd 00fd 00fd 00fd 00fd 00fd 00d1 002b 0000 0000 0000 0000 0000 
0000 0000 0000 0000 0000 0000 0000 0000 0000 0000 0000 0003 0010 0010 0027 0026 0010 0010 0091 00f3 00fd 00fd 00b9 0030 0000 0000 0000 0000 
0000 0000 0000 0000 0000 0000 0000 0000 0000 0014 003a 0000 0000 0000 0000 0000 0000 0000 0000 003a 00d1 00fd 00fd 00b7 0000 0000 0000 0000 
0000 0000 0000 0000 0000 0000 0000 0000 004d 00dd 00f7 004f 0000 0000 0000 0000 0000 0000 0000 0000 000d 00db 00fd 00f0 0048 0000 0000 0000 
0000 0000 0000 0000 0000 0000 0000 0000 005a 00f7 00fd 00fc 0039 0000 0000 0000 0000 0000 0000 0000 0000 0035 00fb 00fd 00bf 0000 0000 0000 
0000 0000 0000 0000 0000 0000 0000 0000 0000 0074 00fd 00fd 003b 0000 0000 0000 0000 0000 0000 0000 0000 0063 00fc 00fd 0091 0000 0000 0000 
0000 0000 0000 0000 0000 0000 0000 0000 0000 000e 00bc 00fd 00dd 009e 0026 0000 0000 0000 0000 006f 00d3 00f6 00fd 00fd 0091 0000 0000 0000 
0000 0000 0000 0000 0000 0000 0000 0000 0000 0000 000c 00dd 00f6 00fd 00fb 00f9 00f9 00f9 00f9 00fd 00fd 00fd 00fd 00c8 0013 0000 0000 0000 
0000 0000 0000 0000 0000 0000 0000 0000 0000 0000 0000 0000 005f 00b7 00e4 00fd 00fd 00fd 00fd 00fd 00fd 00c3 007c 0017 0000 0000 0000 0000 
0000 0000 0000 0000 0000 0000 0000 0000 0000 0000 0000 0000 0000 0000 0018 0025 008a 004a 007e 0058 0025 0007 0000 0000 0000 0000 0000 0000 
0000 0000 0000 0000 0000 0000 0000 0000 0000 0000 0000 0000 0000 0000 0000 0000 0000 0000 0000 0000 0000 0000 0000 0000 0000 0000 0000 0000 
0000 0000 0000 0000 0000 0000 0000 0000 0000 0000 0000 0000 0000 0000 0000 0000 0000 0000 0000 0000 0000 0000 0000 0000 0000 0000 0000 0000 
0000 0000 0000 0000 0000 0000 0000 0000 0000 0000 0000 0000 0000 0000 0000 0000 0000 0000 0000 0000 0000 0000 0000 0000 0000 0000 0000 0000 
0000 0000 0000 0000 0000 0000 0000 0000 0000 0000 0000 0000 0000 0000 0000 0000 0000 0000 0000 0000 0000 0000 0000 0000 0000 0000 0000 0000 
