0000 0000 0000 0000 0000 0000 0000 0000 0000 0000 0000 0000 0000 0000 0000 0000 0000 0000 0000 0000 0000 0000 0000 0000 0000 0000 0000 0000 
0000 0000 0000 0000 0000 0000 0000 0000 0000 0000 0000 0000 0000 0000 0000 0000 0000 0000 0000 0000 0000 0000 0000 0000 0000 0000 0000 0000 
0000 0000 0000 0000 0000 0000 0000 0000 0000 0000 0000 0000 0000 0000 0000 0000 0000 0000 0000 0000 0000 0000 0000 0000 0000 0000 0000 0000 
0000 0000 0000 0000 0000 0000 0000 0000 0000 0000 0000 0000 0000 0000 0000 0000 0000 0000 0000 0000 0000 0000 0000 0000 0000 0000 0000 0000 
0000 0000 0000 0000 0000 0000 0000 0000 0000 0000 0000 0000 000b 0096 00fd 00ca 001f 0000 0000 0000 0000 0000 0000 0000 0000 0000 0000 0000 
0000 0000 0000 0000 0000 0000 0000 0000 0000 0000 0000 0000 0025 00fb 00fb 00fd 006b 0000 0000 0000 0000 0000 0000 0000 0000 0000 0000 0000 
0000 0000 0000 0000 0000 0000 0000 0000 0000 0000 0000 0015 00c5 00fb 00fb 00fd 006b 0000 0000 0000 0000 0000 0000 0000 0000 0000 0000 0000 
0000 0000 0000 0000 0000 0000 0000 0000 0000 0000 006e 00be 00fb 00fb 00fb 00fd 00a9 006d 003e 0000 0000 0000 0000 0000 0000 0000 0000 0000 
0000 0000 0000 0000 0000 0000 0000 0000 0000 0000 00fd 00fb 00fb 00fb 00fb 00fd 00fb 00fb 00dc 0033 0000 0000 0000 0000 0000 0000 0000 0000 
0000 0000 0000 0000 0000 0000 0000 0000 0000 00b6 00ff 00fd 00fd 00fd 00fd 00ea 00de 00fd 00fd 00fd 0000 0000 0000 0000 0000 0000 0000 0000 
0000 0000 0000 0000 0000 0000 0000 0000 003f 00dd 00fd 00fb 00fb 00fb 0093 004d 003e 0080 00fb 00fb 0069 0000 0000 0000 0000 0000 0000 0000 
0000 0000 0000 0000 0000 0000 0000 0020 00e7 00fb 00fd 00fb 00dc 0089 000a 0000 0000 001f 00e6 00fb 00f3 0071 0005 0000 0000 0000 0000 0000 
0000 0000 0000 0000 0000 0000 0000 0025 00fb 00fb 00fd 00bc 0014 0000 0000 0000 0000 0000 006d 00fb 00fd 00fb 0023 0000 0000 0000 0000 0000 
0000 0000 0000 0000 0000 0000 0000 0025 00fb 00fb 00c9 001e 0000 0000 0000 0000 0000 0000 001f 00c8 00fd 00fb 0023 0000 0000 0000 0000 0000 
0000 0000 0000 0000 0000 0000 0000 0025 00fd 00fd 0000 0000 0000 0000 0000 0000 0000 0000 0020 00ca 00ff 00fd 00a4 0000 0000 0000 0000 0000 
0000 0000 0000 0000 0000 0000 0000 008c 00fb 00fb 0000 0000 0000 0000 0000 0000 0000 0000 006d 00fb 00fd 00fb 0023 0000 0000 0000 0000 0000 
0000 0000 0000 0000 0000 0000 0000 00d9 00fb 00fb 0000 0000 0000 0000 0000 0000 0015 003f 00e7 00fb 00fd 00e6 001e 0000 0000 0000 0000 0000 
0000 0000 0000 0000 0000 0000 0000 00d9 00fb 00fb 0000 0000 0000 0000 0000 0000 0090 00fb 00fb 00fb 00dd 003d 0000 0000 0000 0000 0000 0000 
0000 0000 0000 0000 0000 0000 0000 00d9 00fb 00fb 0000 0000 0000 0000 0000 00b6 00dd 00fb 00fb 00fb 00b4 0000 0000 0000 0000 0000 0000 0000 
0000 0000 0000 0000 0000 0000 0000 00da 00fd 00fd 0049 0049 00e4 00fd 00fd 00ff 00fd 00fd 00fd 00fd 0000 0000 0000 0000 0000 0000 0000 0000 
0000 0000 0000 0000 0000 0000 0000 0071 00fb 00fb 00fd 00fb 00fb 00fb 00fb 00fd 00fb 00fb 00fb 0093 0000 0000 0000 0000 0000 0000 0000 0000 
0000 0000 0000 0000 0000 0000 0000 001f 00e6 00fb 00fd 00fb 00fb 00fb 00fb 00fd 00e6 00bd 0023 000a 0000 0000 0000 0000 0000 0000 0000 0000 
0000 0000 0000 0000 0000 0000 0000 0000 003e 008e 00fd 00fb 00fb 00fb 00fb 00fd 006b 0000 0000 0000 0000 0000 0000 0000 0000 0000 0000 0000 
0000 0000 0000 0000 0000 0000 0000 0000 0000 0000 0048 00ae 00fb 00ad 0047 0048 001e 0000 0000 0000 0000 0000 0000 0000 0000 0000 0000 0000 
0000 0000 0000 0000 0000 0000 0000 0000 0000 0000 0000 0000 0000 0000 0000 0000 0000 0000 0000 0000 0000 0000 0000 0000 0000 0000 0000 0000 
0000 0000 0000 0000 0000 0000 0000 0000 0000 0000 0000 0000 0000 0000 0000 0000 0000 0000 0000 0000 0000 0000 0000 0000 0000 0000 0000 0000 
0000 0000 0000 0000 0000 0000 0000 0000 0000 0000 0000 0000 0000 0000 0000 0000 0000 0000 0000 0000 0000 0000 0000 0000 0000 0000 0000 0000 
0000 0000 0000 0000 0000 0000 0000 0000 0000 0000 0000 0000 0000 0000 0000 0000 0000 0000 0000 0000 0000 0000 0000 0000 0000 0000 0000 0000 
