0000 0000 0000 0000 0000 0000 0000 0000 0000 0000 0000 0000 0000 0000 0000 0000 0000 0000 0000 0000 0000 0000 0000 0000 0000 0000 0000 0000 
0000 0000 0000 0000 0000 0000 0000 0000 0000 0000 0000 0000 0000 0000 0000 0000 0000 0000 0000 0000 0000 0000 0000 0000 0000 0000 0000 0000 
0000 0000 0000 0000 0000 0000 0000 0000 0000 0000 0000 0000 0000 0000 0000 0000 0000 0000 0000 0000 0000 0000 0000 0000 0000 0000 0000 0000 
0000 0000 0000 0000 0000 0000 0000 0000 0000 0000 0007 00cc 00fd 00b0 0000 0000 0000 0000 0000 0000 0000 0000 0000 0000 0000 0000 0000 0000 
0000 0000 0000 0000 0000 0000 0000 0000 0000 0007 0096 00fc 00fc 007d 0000 0000 0000 0000 0000 0000 0000 0000 0000 0000 0000 0000 0000 0000 
0000 0000 0000 0000 0000 0000 0000 0000 0000 0075 00fc 00ba 0038 0000 0000 0000 0000 0000 0000 0000 0000 0000 0000 0000 0000 0000 0000 0000 
0000 0000 0000 0000 0000 0000 0000 0000 0000 008d 00fc 0076 0000 0000 0000 0000 0000 0000 0000 0000 0000 0000 0000 0000 0000 0000 0000 0000 
0000 0000 0000 0000 0000 0000 0000 0000 0000 009a 00f7 0032 0000 0000 0000 0000 0000 0000 0000 0000 0000 0000 0000 0000 0000 0000 0000 0000 
0000 0000 0000 0000 0000 0000 0000 0000 001a 00fd 00c4 0000 0000 0000 0000 0000 0000 0000 0000 0000 0000 0000 0000 0000 0000 0000 0000 0000 
0000 0000 0000 0000 0000 0000 0000 0000 0096 00fd 00c4 0000 0000 0000 0000 0000 0000 0000 0039 0055 0055 0026 0000 0000 0000 0000 0000 0000 
0000 0000 0000 0000 0000 0000 0000 0000 00e1 00fd 0060 0000 0000 0000 0000 0000 0097 00e2 00f3 00fc 00fc 00ee 007d 0000 0000 0000 0000 0000 
0000 0000 0000 0000 0000 0000 0000 000a 00e5 00e2 0000 0000 0000 0004 0036 00e5 00fd 00ff 00ea 00af 00e1 00ff 00e4 001f 0000 0000 0000 0000 
0000 0000 0000 0000 0000 0000 0000 006e 00fc 0096 0000 0000 001a 0080 00fc 00fc 00e3 0086 001c 0000 0000 00b2 00fc 0038 0000 0000 0000 0000 
0000 0000 0000 0000 0000 0000 0000 009f 00fc 0071 0000 0000 0096 00fd 00fc 00ba 002b 0000 0000 0000 0000 008d 00fc 0038 0000 0000 0000 0000 
0000 0000 0000 0000 0000 0000 0000 00b9 00fc 0071 0000 0026 00ed 00fd 0097 0006 0000 0000 0000 0000 0000 008d 00ca 0006 0000 0000 0000 0000 
0000 0000 0000 0000 0000 0000 0000 00c6 00fd 0072 0000 0093 00fd 00a3 0000 0000 0000 0000 0000 0000 0000 009a 00c5 0000 0000 0000 0000 0000 
0000 0000 0000 0000 0000 0000 0000 00c5 00fc 0071 0000 00ac 00fc 00bc 0000 0000 0000 0000 0000 0000 001a 00fd 00ab 0000 0000 0000 0000 0000 
0000 0000 0000 0000 0000 0000 0000 00c5 00fc 0071 0000 0013 00e7 00f7 007a 0013 0000 0000 0000 0000 00c8 00f4 0038 0000 0000 0000 0000 0000 
0000 0000 0000 0000 0000 0000 001a 00de 00fc 0071 0000 0000 0019 00cb 00fc 00c1 000d 0000 004c 00c8 00f9 007d 0000 0000 0000 0000 0000 0000 
0000 0000 0000 0000 0000 0000 0000 00b9 00fd 00b3 000a 0000 0000 0000 004c 0023 001d 009a 00fd 00f4 007d 0000 0000 0000 0000 0000 0000 0000 
0000 0000 0000 0000 0000 0000 0000 001c 00d1 00fd 00c4 0052 0039 0039 0083 00c5 00fc 00fd 00d6 0051 0000 0000 0000 0000 0000 0000 0000 0000 
0000 0000 0000 0000 0000 0000 0000 0000 0019 00d8 00fc 00fc 00fc 00fd 00fc 00fc 00fc 009c 0013 0000 0000 0000 0000 0000 0000 0000 0000 0000 
0000 0000 0000 0000 0000 0000 0000 0000 0000 0010 0067 008b 00f0 008c 008b 008b 0028 0000 0000 0000 0000 0000 0000 0000 0000 0000 0000 0000 
0000 0000 0000 0000 0000 0000 0000 0000 0000 0000 0000 0000 0000 0000 0000 0000 0000 0000 0000 0000 0000 0000 0000 0000 0000 0000 0000 0000 
0000 0000 0000 0000 0000 0000 0000 0000 0000 0000 0000 0000 0000 0000 0000 0000 0000 0000 0000 0000 0000 0000 0000 0000 0000 0000 0000 0000 
0000 0000 0000 0000 0000 0000 0000 0000 0000 0000 0000 0000 0000 0000 0000 0000 0000 0000 0000 0000 0000 0000 0000 0000 0000 0000 0000 0000 
0000 0000 0000 0000 0000 0000 0000 0000 0000 0000 0000 0000 0000 0000 0000 0000 0000 0000 0000 0000 0000 0000 0000 0000 0000 0000 0000 0000 
0000 0000 0000 0000 0000 0000 0000 0000 0000 0000 0000 0000 0000 0000 0000 0000 0000 0000 0000 0000 0000 0000 0000 0000 0000 0000 0000 0000 
