0000 0000 0000 0000 0000 0000 0000 0000 0000 0000 0000 0000 0000 0000 0000 0000 0000 0000 0000 0000 0000 0000 0000 0000 0000 0000 0000 0000 
0000 0000 0000 0000 0000 0000 0000 0000 0000 0000 0000 0000 0000 0000 0000 0000 0000 0000 0000 0000 0000 0000 0000 0000 0000 0000 0000 0000 
0000 0000 0000 0000 0000 0000 0000 0000 0000 0000 0000 0000 0000 0000 0000 0000 0000 0000 0000 0000 0000 0000 0000 0000 0000 0000 0000 0000 
0000 0000 0000 0000 0000 0000 0000 0000 0000 0000 0000 0000 0000 0000 0000 0000 0000 0000 0000 0000 0000 0000 0000 0000 0000 0000 0000 0000 
0000 0000 0000 0000 0000 0000 0000 0000 0000 0000 0000 0000 0000 0000 0000 0000 0000 0000 0000 0000 0000 0000 0000 0000 0000 0000 0000 0000 
0000 0000 0000 0000 0000 0000 0000 0000 0000 0000 0032 00e0 0000 0000 0000 0000 0000 0000 0000 0046 001d 0000 0000 0000 0000 0000 0000 0000 
0000 0000 0000 0000 0000 0000 0000 0000 0000 0000 0079 00e7 0000 0000 0000 0000 0000 0000 0000 0094 00a8 0000 0000 0000 0000 0000 0000 0000 
0000 0000 0000 0000 0000 0000 0000 0000 0000 0004 00c3 00e7 0000 0000 0000 0000 0000 0000 0000 0060 00d2 000b 0000 0000 0000 0000 0000 0000 
0000 0000 0000 0000 0000 0000 0000 0000 0000 0045 00fc 0086 0000 0000 0000 0000 0000 0000 0000 0072 00fc 0015 0000 0000 0000 0000 0000 0000 
0000 0000 0000 0000 0000 0000 0000 0000 002d 00ec 00d9 000c 0000 0000 0000 0000 0000 0000 0000 00c0 00fc 0015 0000 0000 0000 0000 0000 0000 
0000 0000 0000 0000 0000 0000 0000 0000 00a8 00f7 0035 0000 0000 0000 0000 0000 0000 0000 0012 00ff 00fd 0015 0000 0000 0000 0000 0000 0000 
0000 0000 0000 0000 0000 0000 0000 0054 00f2 00d3 0000 0000 0000 0000 0000 0000 0000 0000 008d 00fd 00bd 0005 0000 0000 0000 0000 0000 0000 
0000 0000 0000 0000 0000 0000 0000 00a9 00fc 006a 0000 0000 0000 0000 0000 0000 0000 0020 00e8 00fa 0042 0000 0000 0000 0000 0000 0000 0000 
0000 0000 0000 0000 0000 0000 000f 00e1 00fc 0000 0000 0000 0000 0000 0000 0000 0000 0086 00fc 00d3 0000 0000 0000 0000 0000 0000 0000 0000 
0000 0000 0000 0000 0000 0000 0016 00fc 00a4 0000 0000 0000 0000 0000 0000 0000 0000 00a9 00fc 00a7 0000 0000 0000 0000 0000 0000 0000 0000 
0000 0000 0000 0000 0000 0000 0009 00cc 00d1 0012 0000 0000 0000 0000 0000 0000 0016 00fd 00fd 006b 0000 0000 0000 0000 0000 0000 0000 0000 
0000 0000 0000 0000 0000 0000 0000 00a9 00fc 00c7 0055 0055 0055 0055 0081 00a4 00c3 00fc 00fc 006a 0000 0000 0000 0000 0000 0000 0000 0000 
0000 0000 0000 0000 0000 0000 0000 0029 00aa 00f5 00fc 00fc 00fc 00fc 00e8 00e7 00fb 00fc 00fc 0009 0000 0000 0000 0000 0000 0000 0000 0000 
0000 0000 0000 0000 0000 0000 0000 0000 0000 0031 0054 0054 0054 0054 0000 0000 00a1 00fc 00fc 0000 0000 0000 0000 0000 0000 0000 0000 0000 
0000 0000 0000 0000 0000 0000 0000 0000 0000 0000 0000 0000 0000 0000 0000 0000 007f 00fc 00fc 002d 0000 0000 0000 0000 0000 0000 0000 0000 
0000 0000 0000 0000 0000 0000 0000 0000 0000 0000 0000 0000 0000 0000 0000 0000 0080 00fd 00fd 0000 0000 0000 0000 0000 0000 0000 0000 0000 
0000 0000 0000 0000 0000 0000 0000 0000 0000 0000 0000 0000 0000 0000 0000 0000 007f 00fc 00fc 0000 0000 0000 0000 0000 0000 0000 0000 0000 
0000 0000 0000 0000 0000 0000 0000 0000 0000 0000 0000 0000 0000 0000 0000 0000 0087 00fc 00f4 0000 0000 0000 0000 0000 0000 0000 0000 0000 
0000 0000 0000 0000 0000 0000 0000 0000 0000 0000 0000 0000 0000 0000 0000 0000 00e8 00ec 006f 0000 0000 0000 0000 0000 0000 0000 0000 0000 
0000 0000 0000 0000 0000 0000 0000 0000 0000 0000 0000 0000 0000 0000 0000 0000 00b3 0042 0000 0000 0000 0000 0000 0000 0000 0000 0000 0000 
0000 0000 0000 0000 0000 0000 0000 0000 0000 0000 0000 0000 0000 0000 0000 0000 0000 0000 0000 0000 0000 0000 0000 0000 0000 0000 0000 0000 
0000 0000 0000 0000 0000 0000 0000 0000 0000 0000 0000 0000 0000 0000 0000 0000 0000 0000 0000 0000 0000 0000 0000 0000 0000 0000 0000 0000 
0000 0000 0000 0000 0000 0000 0000 0000 0000 0000 0000 0000 0000 0000 0000 0000 0000 0000 0000 0000 0000 0000 0000 0000 0000 0000 0000 0000 
