0000 0000 0000 0000 0000 0000 0000 0000 0000 0000 0000 0000 0000 0000 0000 0000 0000 0000 0000 0000 0000 0000 0000 0000 0000 0000 0000 0000 
0000 0000 0000 0000 0000 0000 0000 0000 0000 0000 0000 0000 0000 0000 0000 0000 0000 0000 0000 0000 0000 0000 0000 0000 0000 0000 0000 0000 
0000 0000 0000 0000 0000 0000 0000 0000 0000 0000 0000 0000 0000 0000 0000 0000 0000 0000 0000 0000 0000 0000 0000 0000 0000 0000 0000 0000 
0000 0000 0000 0000 0000 0000 0000 0000 0000 0000 0000 0000 0000 0000 0000 0000 0000 0000 0000 0000 0000 0000 0000 0000 0000 0000 0000 0000 
0000 0000 0000 0000 0000 0000 0000 0000 0000 0000 0000 0000 0000 0000 0000 0000 0000 0000 0000 0000 0000 0000 0000 0000 0000 0000 0000 0000 
0000 0000 0000 0000 0000 0000 0000 0000 0000 0000 0000 0000 0000 002b 002f 002f 0000 0000 0000 0000 0000 0000 0000 0000 0000 0000 0000 0000 
0000 0000 0000 0000 0000 0000 0000 0000 0000 0000 0000 0009 006c 00f9 00fd 00fd 00d0 00cf 00cf 00cf 0095 0041 000d 0000 0000 0000 0000 0000 
0000 0000 0000 0000 0000 0000 0000 0000 0000 0000 0009 00b8 00fe 00fd 00fd 00fd 00fe 00fd 00fd 00fd 00fe 00fd 00d5 0019 0000 0000 0000 0000 
0000 0000 0000 0000 0000 0000 0000 0000 0000 0037 00cb 00fe 00fe 00c7 007f 007f 003c 005d 0054 0044 0097 00de 00fe 00a1 0000 0000 0000 0000 
0000 0000 0000 0000 0000 0000 0000 0000 0000 008a 00fd 00fd 00c7 0013 0000 0000 0000 0000 0000 0000 0000 009b 00fd 00d3 0000 0000 0000 0000 
0000 0000 0000 0000 0000 0000 0000 0000 0000 008a 00fd 00fd 0011 0000 0000 0000 0000 0000 0000 0000 004a 00f1 00fd 00d3 0000 0000 0000 0000 
0000 0000 0000 0000 0000 0000 0000 0000 0000 0069 00fd 00fd 0066 0000 0000 0000 0000 0000 0000 0022 00e5 00fd 00fd 00a0 0000 0000 0000 0000 
0000 0000 0000 0000 0000 0000 0000 0000 0000 0000 0095 00fe 00e5 0028 0000 0000 0000 0026 0099 00fe 00fe 00fe 00b4 0019 0000 0000 0000 0000 
0000 0000 0000 0000 0000 0000 0000 0000 0000 0000 0013 00c6 00fe 00cf 0009 0022 0048 00eb 00fd 00fd 00e0 008b 000d 0000 0000 0000 0000 0000 
0000 0000 0000 0000 0000 0000 0000 0000 0000 0000 0000 0011 00d3 00fd 00d7 00f0 00fe 00fd 00ea 0080 0011 0000 0000 0000 0000 0000 0000 0000 
0000 0000 0000 0000 0000 0000 0000 0000 0000 0000 0000 0066 00e5 00fd 00fd 00fd 00e4 004d 000d 0000 0000 0000 0000 0000 0000 0000 0000 0000 
0000 0000 0000 0000 0000 0000 0000 0000 0046 00aa 00fe 00fe 00fe 00fe 00fe 00fe 0077 0000 0000 0000 0000 0000 0000 0000 0000 0000 0000 0000 
0000 0000 0000 0000 0000 001a 0082 00e6 00fe 00fd 00fd 00b9 0073 0040 00d3 00fd 00f8 0015 0000 0000 0000 0000 0000 0000 0000 0000 0000 0000 
0000 0000 0000 0000 00a6 00e8 00fd 00fd 00f7 00a2 002e 000d 0007 005b 00f5 00fd 00fe 0038 0000 0000 0000 0000 0000 0000 0000 0000 0000 0000 
0000 0000 0000 0000 0080 00fd 00fd 00fd 00d2 005d 007f 009f 00cc 00fd 00fd 00fd 00e4 000f 0000 0000 0000 0000 0000 0000 0000 0000 0000 0000 
0000 0000 0000 0000 0000 0086 00f1 00fe 00ff 00fe 00fe 00fe 00fe 00fe 00fe 00e4 0022 0000 0000 0000 0000 0000 0000 0000 0000 0000 0000 0000 
0000 0000 0000 0000 0000 0000 001b 0073 008c 00ce 00ce 00ce 00cf 00ce 007b 000f 0000 0000 0000 0000 0000 0000 0000 0000 0000 0000 0000 0000 
0000 0000 0000 0000 0000 0000 0000 0000 0000 0000 0000 0000 0000 0000 0000 0000 0000 0000 0000 0000 0000 0000 0000 0000 0000 0000 0000 0000 
0000 0000 0000 0000 0000 0000 0000 0000 0000 0000 0000 0000 0000 0000 0000 0000 0000 0000 0000 0000 0000 0000 0000 0000 0000 0000 0000 0000 
0000 0000 0000 0000 0000 0000 0000 0000 0000 0000 0000 0000 0000 0000 0000 0000 0000 0000 0000 0000 0000 0000 0000 0000 0000 0000 0000 0000 
0000 0000 0000 0000 0000 0000 0000 0000 0000 0000 0000 0000 0000 0000 0000 0000 0000 0000 0000 0000 0000 0000 0000 0000 0000 0000 0000 0000 
0000 0000 0000 0000 0000 0000 0000 0000 0000 0000 0000 0000 0000 0000 0000 0000 0000 0000 0000 0000 0000 0000 0000 0000 0000 0000 0000 0000 
0000 0000 0000 0000 0000 0000 0000 0000 0000 0000 0000 0000 0000 0000 0000 0000 0000 0000 0000 0000 0000 0000 0000 0000 0000 0000 0000 0000 
